1
2
4
6
12
24
36
48
60
120
180
240
360
720
840
1260
1680
2520
5040
7560
10080
15120
20160
25200
27720
45360
50400
55440
83160
110880
166320
221760
277200
332640
498960
554400
665280
720720
1081080
1441440
2162160
2882880
3603600
4324320
6486480
7207200
8648640
10810800
14414400
17297280
21621600
32432400
36756720
43243200
61261200
73513440
110270160
122522400
147026880
183783600
245044800
294053760
367567200
551350800
698377680
735134400
1102701600
1396755360
2095133040
2205403200
2327925600
2793510720
3491888400
4655851200
5587021440
6983776800
10475665200
13967553600
20951330400
27935107200
41902660800
48886437600
64250746560
73329656400
80313433200
97772875200
128501493120
146659312800
160626866400
240940299600
293318625600
321253732800
481880599200
642507465600
963761198400
1124388064800
1606268664000
1686582097200
1927522396800
2248776129600
