0
1
1
0
2
2
2
0
3
2
4
1
1
0
4
4
4
1
4
0
5
5
4
1
6
2
1
0
6
7
5
1
6
3
3
1
0
7
9
5
3
6
4
4
2
0
8
9
6
4
9
4
5
2
1
3
0
9
10
7
5
10
6
6
3
1
4
2
0
10
11
8
6
11
6
9
3
2
5
3
2
0
11
11
10
8
11
7
9
4
3
6
4
5
0
12
11
10
9
13
8
10
4
4
7
6
6
1
1
0
13
13
10
9
15
8
12
5
5
8
7
6
2
3
0
14
13
11
10
15
10
13
6
6
8
9
7
2
5
1
2
0
15
14
13
10
15
11
15
7
7
9
10
8
2
6
2
5
0
16
14
15
10
15
12
16
9
8
11
12
9
4
6
3
7
2
0
17
14
16
11
16
12
17
10
9
13
13
10
5
8
4
7
4
2
0
18
14
17
11
18
13
17
11
10
13
15
12
6
10
5
8
4
4
2
0
19
14
18
11
20
14
18
11
11
13
16
15
6
11
7
9
5
4
4
1
1
0
20
16
18
11
22
15
19
12
11
14
16
18
7
11
8
10
7
4
6
2
2
0
21
16
20
11
23
15
20
14
12
14
17
20
8
11
10
11
8
5
6
2
5
1
1
1
0
22
19
21
11
23
17
21
14
14
14
18
23
8
11
13
11
8
6
7
3
5
3
2
3
0
23
19
22
14
23
18
22
15
16
14
18
25
8
12
15
13
9
6
9
4
5
3
4
5
0
24
19
22
15
25
20
23
15
17
16
18
25
9
13
15
16
11
7
10
5
6
3
5
6
1
3
0
25
20
22
17
25
22
25
16
17
17
19
26
9
14
16
16
14
10
10
6
7
3
7
6
1
6
1
0
26
22
22
18
25
22
28
18
17
18
21
26
9
14
18
16
15
11
14
6
7
4
10
6
1
7
3
0
27
23
22
19
26
22
30
20
17
19
22
27
9
14
20
17
15
13
14
8
9
4
13
7
1
7
4
2
1
0
28
25
23
19
28
22
30
22
18
21
22
27
9
16
21
18
16
13
16
9
9
6
16
8
1
8
4
3
3
0
29
26
23
21
29
22
31
22
20
24
22
27
9
17
21
18
19
14
17
10
10
8
19
9
2
8
5
4
3
2
2
1
0
30
27
26
22
30
23
31
22
22
26
24
27
9
17
22
18
19
16
18
12
10
8
23
11
3
8
7
6
3
2
4
2
0
31
27
28
24
31
23
32
23
24
27
25
28
10
17
22
18
20
17
20
12
12
8
24
13
6
9
7
8
5
2
4
4
1
0
32
28
29
24
33
24
33
24
26
28
26
28
12
18
22
18
20
18
23
12
13
8
25
14
9
10
9
8
8
3
4
4
2
2
0
33
28
31
25
35
24
33
24
29
30
27
28
14
19
24
18
20
18
25
13
14
8
25
14
12
13
9
9
10
4
5
5
2
4
0
34
28
32
25
37
26
33
24
30
32
28
28
15
21
26
19
20
18
26
14
15
9
25
14
13
15
12
9
13
4
6
5
4
5
1
1
0
35
30
32
25
39
28
34
24
30
34
28
28
16
23
28
21
21
18
27
14
15
11
25
15
14
17
12
10
17
4
8
5
5
5
3
2
0
36
30
33
26
40
31
34
24
31
34
29
29
17
23
30
23
21
21
27
14
15
13
25
17
15
18
13
11
17
6
10
7
5
6
5
2
1
1
0
37
32
34
26
40
33
36
25
31
34
30
30
17
25
31
25
21
24
28
14
15
14
25
17
16
22
14
11
18
6
12
9
6
7
7
2
2
2
0
38
32
37
26
40
33
38
27
31
35
30
31
18
25
34
26
22
25
30
14
15
14
27
17
16
24
16
13
18
6
14
11
7
8
8
3
2
3
2
1
3
0
39
33
39
29
40
33
39
28
33
35
30
32
18
26
37
27
24
26
32
14
15
14
27
17
18
24
18
15
19
7
15
11
9
11
8
4
2
4
2
4
4
0
40
33
41
29
44
33
39
29
34
36
30
34
18
26
39
30
24
27
35
15
15
14
27
17
20
24
19
17
19
9
17
11
9
13
10
5
3
4
2
6
5
1
0
41
34
42
30
45
35
40
29
34
38
31
35
18
27
40
32
24
30
36
17
16
14
27
17
22
24
19
19
19
10
19
12
10
13
12
7
4
4
3
6
7
2
1
0
42
35
43
31
47
35
41
31
34
38
33
35
20
28
41
32
25
32
36
21
17
15
28
17
23
25
19
19
21
