3
5
6
7
9
10
11
12
13
14
17
18
19
20
21
22
24
25
26
28
31
33
34
35
36
37
38
40
41
42
44
47
48
49
50
52
55
56
59
61
62
65
66
67
68
69
70
72
73
74
76
79
80
81
82
84
87
88
91
93
94
96
97
98
100
103
104
107
109
110
112
115
117
118
121
122
124
127
129
130
131
132
133
134
136
137
138
140
143
144
145
146
148
151
152
155
157
158
160
161
162
164
167
168
171
173
174
176
179
181
182
185
186
188
191
192
193
194
196
199
200
203
205
206
208
211
213
214
217
218
220
223
224
227
229
230
233
234
236
239
241
242
244
247
248
251
253
254
257
258
259
260
261
262
264
265
266
268
271
272
273
274
276
279
280
283
285
286
288
289
290
292
295
296
299
301
302
304
307
309
310
313
314
316
319
320
321
322
324
327
328
331
333
334
336
339
341
342
345
346
348
351
352
355
357
358
361
362
364
367
369
370
372
375
376
379
381
382
384
385
386
388
391
392
395
397
398
400
403
405
406
409
410
412
415
416
419
421
422
425
426
428
431
433
434
436
439
440
443
445
446
448
451
453
454
457
458
460
463
465
466
468
471
472
475
477
478
481
482
484
487
488
491
493
494
496
499
501
502
505
506
508
513
514
515
516
517
518
520
521
522
524
527
528
529
530
532
535
536
539
541
542
544
545
546
548
551
552
555
557
558
560
563
565
566
569
570
572
575
576
577
578
580
583
584
587
589
590
592
595
597
598
601
602
604
607
608
611
613
614
617
618
620
623
625
626
628
631
632
635
637
638
640
641
642
644
647
648
651
653
654
656
659
661
662
665
666
668
671
672
675
677
678
681
682
684
687
689
690
692
695
696
699
701
702
704
707
709
710
713
714
716
719
721
722
724
727
728
731
733
734
737
738
740
743
744
747
749
750
752
755
757
758
761
762
764
768
769
770
772
775
776
779
781
782
784
787
789
790
793
794
796
799
800
803
805
806
809
810
812
815
817
818
820
823
824
827
829
830
832
835
837
838
841
842
844
847
849
850
852
855
856
859
861
862
865
866
868
871
872
875
877
878
880
883
885
886
889
890
892
896
899
901
902
905
906
908
911
913
914
916
919
920
923
925
926
929
930
932
935
936
939
941
942
944
947
949
950
953
954
956
961
962
964
967
968
971
973
974
976
979
981
982
985
986
988
992
995
997
998
1001
1002
1004
1009
1010
1012
1016
1025
1026
1027
1028
1029
1030
1032
1033
1034
1036
1039
1040
1041
1042
1044
1047
1048
1051
1053
1054
1056
1057
1058
1060
1063
1064
1067
1069
1070
1072
1075
1077
1078
1081
1082
1084
1087
1088
1089
1090
1092
1095
1096
1099
1101
1102
1104
1107
1109
1110
1113
1114
1116
1119
1120
1123
1125
1126
1129
1130
1132
1135
1137
1138
1140
1143
1144
1147
1149
1150
1152
1153
1154
1156
1159
1160
1163
1165
1166
1168
1171
1173
1174
1177
1178
1180
1183
1184
1187
1189
1190
1193
1194
1196
1199
1201
1202
1204
1207
1208
1211
1213
1214
1216
1219
1221
1222
1225
1226
1228
1231
1233
1234
1236
1239
1240
1243
1245
1246
1249
1250
1252
1255
1256
1259
1261
1262
1264
1267
1269
1270
1273
1274
1276
1280
1281
1282
1284
1287
1288
1291
1293
1294
1296
1299
1301
1302
1305
1306
1308
1311
1312
1315
1317
1318
1321
1322
1324
1327
1329
1330
1332
1335
1336
1339
1341
1342
1344
1347
1349
1350
1353
1354
1356
1359
1361
1362
1364
1367
1368
1371
1373
1374
1377
1378
1380
1383
1384
1387
1389
1390
1392
1395
1397
1398
1401
1402
1404
1408
1411
1413
1414
1417
1418
1420
1423
1425
1426
1428
1431
1432
1435
1437
1438
1441
1442
1444
1447
1448
1451
1453
1454
1456
1459
1461
1462
1465
1466
1468
1473
1474
1476
1479
1480
1483
1485
1486
1488
1491
1493
1494
1497
1498
1500
1504
1507
1509
1510
1513
1514
1516
1521
1522
1524
1528
1536
1537
1538
1540
1543
1544
1547
1549
1550
1552
1555
1557
1558
1561
1562
1564
1567
1568
1571
1573
1574
1577
1578
1580
1583
1585
1586
1588
1591
1592
1595
1597
1598
1600
1603
1605
1606
1609
1610
1612
1615
1617
1618
1620
1623
1624
1627
1629
1630
1633
1634
1636
1639
1640
1643
1645
1646
1648
1651
1653
1654
1657
1658
1660
1664
1667
1669
1670
1673
1674
1676
1679
1681
1682
1684
1687
1688
1691
1693
1694
1697
1698
1700
1703
1704
1707
1709
1710
1712
1715
1717
1718
1721
1722
1724
1729
1730
1732
1735
1736
1739
1741
1742
1744
1747
1749
1750
1753
1754
1756
1760
1763
1765
1766
1769
1770
1772
1777
1778
1780
1784
1792
1795
1797
1798
1801
1802
1804
1807
1809
1810
1812
1815
1816
1819
1821
1822
1825
1826
1828
1831
1832
1835
1837
1838
1840
1843
1845
1846
1849
1850
1852
1857
1858
1860
1863
1864
1867
1869
1870
1872
1875
1877
1878
1881
1882
1884
1888
1891
1893
1894
1897
1898
1900
1905
1906
1908
1912
1921
1922
1924
1927
1928
1931
1933
1934
1936
1939
1941
1942
1945
1946
1948
1952
1955
1957
1958
1961
1962
1964
1969
1970
1972
1976
1984
1987
1989
1990
1993
1994
1996
2001
2002
2004
2008
2017
2018
2020
2024
2032
2047
2049
2050
2051
2052
2053
2054
2056
2057
2058
2060
2063
2064
2065
2066
2068
2071
2072
2075
2077
2078
2080
2081
2082
2084
2087
2088
2091
2093
2094
2096
2099
2101
2102
2105
2106
2108
2111
2112
2113
2114
2116
2119
2120
2123
2125
2126
2128
2131
2133
2134
2137
2138
2140
2143
2144
2147
2149
2150
2153
2154
2156
2159
2161
2162
2164
2167
2168
2171
2173
2174
2176
2177
2178
2180
2183
2184
2187
2189
2190
2192
2195
2197
2198
2201
2202
2204
2207
2208
2211
2213
2214
2217
2218
2220
2223
2225
2226
2228
2231
2232
2235
2237
2238
2240
2243
2245
2246
2249
2250
2252
2255
2257
2258
2260
2263
2264
2267
2269
2270
2273
2274
2276
2279
2280
2283
2285
2286
2288
2291
2293
2294
2297
2298
2300
2304
2305
2306
2308
2311
2312
2315
2317
2318
2320
2323
2325
2326
2329
2330
2332
2335
2336
2339
2341
2342
2345
2346
2348
2351
2353
2354
2356
2359
2360
2363
2365
2366
2368
2371
2373
2374
2377
2378
2380
2383
2385
2386
2388
2391
2392
2395
2397
2398
2401
2402
2404
2407
2408
2411
2413
2414
2416
2419
2421
2422
2425
2426
2428
2432
2435
2437
2438
2441
2442
2444
2447
2449
2450
2452
2455
2456
2459
2461
2462
2465
2466
2468
2471
2472
2475
2477
2478
2480
2483
2485
2486
2489
2490
2492
2497
2498
2500
2503
2504
2507
2509
2510
2512
2515
2517
2518
2521
2522
2524
2528
2531
2533
2534
2537
2538
2540
2545
2546
2548
2552
2560
2561
2562
2564
2567
2568
2571
2573
2574
2576
2579
2581
2582
2585
2586
2588
2591
2592
2595
2597
2598
2601
2602
2604
2607
2609
2610
2612
2615
2616
2619
2621
2622
2624
2627
2629
2630
2633
2634
2636
2639
2641
2642
2644
2647
2648
2651
2653
2654
2657
2658
2660
2663
2664
2667
2669
2670
2672
2675
2677
2678
2681
2682
2684
2688
2691
2693
2694
2697
2698
2700
2703
2705
2706
2708
2711
2712
2715
2717
2718
2721
2722
2724
2727
2728
2731
2733
2734
2736
2739
2741
2742
2745
2746
2748
2753
2754
2756
2759
2760
2763
2765
2766
2768
2771
2773
2774
2777
2778
2780
2784
2787
2789
2790
2793
2794
2796
2801
2802
2804
2808
2816
2819
2821
2822
2825
2826
2828
2831
2833
2834
2836
2839
2840
2843
2845
2846
2849
2850
2852
2855
2856
2859
2861
2862
2864
2867
2869
2870
2873
2874
2876
2881
2882
2884
2887
2888
2891
2893
2894
2896
2899
2901
2902
2905
2906
2908
2912
2915
2917
2918
2921
2922
2924
2929
2930
2932
2936
2945
2946
2948
2951
2952
2955
2957
2958
2960
2963
2965
2966
2969
2970
2972
2976
2979
2981
2982
2985
2986
2988
2993
2994
2996
3000
3008
3011
3013
3014
3017
3018
3020
3025
3026
3028
3032
3041
3042
3044
3048
3056
3071
3072
3073
3074
3076
3079
3080
3083
3085
3086
3088
3091
3093
3094
3097
3098
3100
3103
3104
3107
3109
3110
3113
3114
3116
3119
3121
3122
3124
3127
3128
3131
3133
3134
3136
3139
3141
3142
3145
3146
3148
3151
3153
3154
3156
3159
3160
3163
3165
3166
3169
3170
3172
3175
3176
3179
3181
3182
3184
3187
3189
3190
3193
3194
3196
3200
3203
3205
3206
3209
3210
3212
3215
3217
3218
3220
3223
3224
3227
3229
3230
3233
3234
3236
3239
3240
3243
3245
3246
3248
3251
3253
3254
3257
3258
3260
3265
3266
3268
3271
3272
3275
3277
3278
3280
3283
3285
3286
3289
3290
3292
3296
3299
3301
3302
3305
3306
3308
3313
3314
3316
3320
3328
3331
3333
3334
3337
3338
3340
3343
3345
3346
3348
3351
3352
3355
3357
3358
3361
3362
3364
3367
3368
3371
3373
3374
3376
3379
3381
3382
3385
3386
3388
3393
3394
3396
3399
3400
3403
3405
3406
3408
3411
3413
3414
3417
3418
3420
3424
3427
3429
3430
3433
3434
3436
3441
3442
3444
3448
3457
3458
3460
3463
3464
3467
3469
3470
3472
3475
3477
3478
3481
3482
3484
3488
3491
3493
3494
3497
3498
3500
3505
3506
3508
3512
3520
3523
3525
3526
3529
3530
3532
3537
3538
3540
3544
3553
3554
3556
3560
3568
3583
3584
3587
3589
3590
3593
3594
3596
3599
3601
3602
3604
3607
3608
3611
3613
3614
3617
3618
3620
3623
3624
3627
3629
3630
3632
3635
3637
3638
3641
3642
3644
3649
3650
3652
3655
3656
3659
3661
3662
3664
3667
3669
3670
3673
3674
3676
3680
3683
3685
3686
3689
3690
3692
3697
3698
3700
3704
3713
3714
3716
3719
3720
3723
3725
3726
3728
3731
3733
3734
3737
3738
3740
3744
3747
3749
3750
3753
3754
3756
3761
3762
3764
3768
3776
3779
3781
3782
3785
3786
3788
3793
3794
3796
3800
3809
3810
3812
3816
3824
3839
3841
3842
3844
3847
3848
3851
3853
3854
3856
3859
3861
3862
3865
3866
3868
3872
3875
3877
3878
3881
3882
3884
3889
3890
3892
3896
3904
3907
3909
3910
3913
3914
3916
3921
3922
3924
3928
3937
3938
3940
3944
3952
3967
3968
3971
3973
3974
3977
3978
3980
3985
3986
3988
3992
4001
4002
4004
4008
4016
4031
4033
4034
4036
4040
4048
4063
4064
4079
4087
4091
4093
4094
4097
4098
4099
4100
4101
4102
4104
4105
4106
4108
4111
4112
4113
4114
4116
4119
4120
4123
4125
4126
4128
4129
4130
4132
4135
4136
4139
4141
4142
4144
4147
4149
4150
4153
4154
4156
4159
4160
4161
4162
4164
4167
4168
4171
4173
4174
4176
4179
4181
4182
4185
4186
4188
4191
4192
4195
4197
4198
4201
4202
4204
4207
4209
4210
4212
4215
4216
4219
4221
4222
4224
4225
4226
4228
4231
4232
4235
4237
4238
4240
4243
4245
4246
4249
4250
4252
4255
4256
4259
4261
4262
4265
4266
4268
4271
4273
4274
4276
4279
4280
4283
4285
4286
4288
4291
4293
4294
4297
4298
4300
4303
4305
4306
4308
4311
4312
4315
4317
4318
4321
4322
4324
4327
4328
4331
4333
4334
4336
4339
4341
4342
4345
4346
4348
4352
4353
4354
4356
4359
4360
4363
4365
4366
4368
4371
4373
4374
4377
4378
4380
4383
4384
4387
4389
4390
4393
4394
4396
4399
4401
4402
4404
4407
4408
4411
4413
4414
4416
4419
4421
4422
4425
4426
4428
4431
4433
4434
4436
4439
4440
4443
4445
4446
4449
4450
4452
4455
4456
4459
4461
4462
4464
4467
4469
4470
4473
4474
4476
4480
4483
4485
4486
4489
4490
4492
4495
4497
4498
4500
4503
4504
4507
4509
4510
4513
4514
4516
4519
4520
4523
4525
4526
4528
4531
4533
4534
4537
4538
4540
4545
4546
4548
4551
4552
4555
4557
4558
4560
4563
4565
4566
4569
4570
4572
4576
4579
4581
4582
4585
4586
4588
4593
4594
4596
4600
4608
4609
4610
4612
4615
4616
4619
4621
4622
4624
4627
4629
4630
4633
4634
4636
4639
4640
4643
4645
4646
4649
4650
4652
4655
4657
4658
4660
4663
4664
4667
4669
4670
4672
4675
4677
4678
4681
4682
4684
4687
4689
4690
4692
4695
4696
4699
4701
4702
4705
4706
4708
4711
4712
4715
4717
4718
4720
4723
4725
4726
4729
4730
4732
4736
4739
4741
4742
4745
4746
4748
4751
4753
4754
4756
4759
4760
4763
4765
4766
4769
4770
4772
4775
4776
4779
4781
4782
4784
4787
4789
4790
4793
4794
4796
4801
4802
4804
4807
4808
4811
4813
4814
4816
4819
4821
4822
4825
4826
4828
4832
4835
4837
4838
4841
4842
4844
4849
4850
4852
4856
4864
4867
4869
4870
4873
4874
4876
4879
4881
4882
4884
4887
4888
4891
4893
4894
4897
4898
4900
4903
4904
4907
4909
4910
4912
4915
4917
4918
4921
4922
4924
4929
4930
4932
4935
4936
4939
4941
4942
4944
4947
4949
4950
4953
4954
4956
4960
4963
4965
4966
4969
4970
4972
4977
4978
4980
4984
4993
4994
4996
4999
5000
5003
5005
5006
5008
5011
5013
5014
5017
5018
5020
5024
5027
5029
5030
5033
5034
5036
5041
5042
5044
5048
5056
5059
5061
5062
5065
5066
5068
5073
5074
5076
5080
5089
5090
5092
5096
5104
5119
5120
5121
5122
5124
5127
5128
5131
5133
5134
5136
5139
5141
5142
5145
5146
5148
5151
5152
5155
5157
5158
5161
5162
5164
5167
5169
5170
5172
5175
5176
5179
5181
5182
5184
5187
5189
5190
5193
5194
5196
5199
5201
5202
5204
5207
5208
5211
5213
5214
5217
5218
5220
5223
5224
5227
5229
5230
5232
5235
5237
5238
5241
5242
5244
5248
5251
5253
5254
5257
5258
5260
5263
5265
5266
5268
5271
5272
5275
5277
5278
5281
5282
5284
5287
5288
5291
5293
5294
5296
5299
5301
5302
5305
5306
5308
5313
5314
5316
5319
5320
5323
5325
5326
5328
5331
5333
5334
5337
5338
5340
5344
5347
5349
5350
5353
5354
5356
5361
5362
5364
5368
5376
5379
5381
5382
5385
5386
5388
5391
5393
5394
5396
5399
5400
5403
5405
5406
5409
5410
5412
5415
5416
5419
5421
5422
5424
5427
5429
5430
5433
5434
5436
5441
5442
5444
5447
5448
5451
5453
5454
5456
5459
5461
5462
5465
5466
5468
5472
5475
5477
5478
5481
5482
5484
5489
5490
5492
5496
5505
5506
5508
5511
5512
5515
5517
5518
5520
5523
5525
5526
5529
5530
5532
5536
5539
5541
5542
5545
5546
5548
5553
5554
5556
5560
5568
5571
5573
5574
5577
5578
5580
5585
5586
5588
5592
5601
5602
5604
5608
5616
5631
5632
5635
5637
5638
5641
5642
5644
5647
5649
5650
5652
5655
5656
5659
5661
5662
5665
5666
5668
5671
5672
5675
5677
5678
5680
5683
5685
5686
5689
5690
5692
5697
5698
5700
5703
5704
5707
5709
5710
5712
5715
5717
5718
5721
5722
5724
5728
5731
5733
5734
5737
5738
5740
5745
5746
5748
5752
5761
5762
5764
5767
5768
5771
5773
5774
5776
5779
5781
5782
5785
5786
5788
5792
5795
5797
5798
5801
5802
5804
5809
5810
5812
5816
5824
5827
5829
5830
5833
5834
5836
5841
5842
5844
5848
5857
5858
5860
5864
5872
5887
5889
5890
5892
5895
5896
5899
5901
5902
5904
5907
5909
5910
5913
5914
5916
5920
5923
5925
5926
5929
5930
5932
5937
5938
5940
5944
5952
5955
5957
5958
5961
5962
5964
5969
5970
5972
5976
5985
5986
5988
5992
6000
6015
6016
6019
6021
6022
6025
6026
6028
6033
6034
6036
6040
6049
6050
6052
6056
6064
6079
6081
6082
6084
6088
6096
6111
6112
6127
6135
6139
6141
6142
6144
6145
6146
6148
6151
6152
6155
6157
6158
6160
6163
6165
6166
6169
6170
6172
6175
6176
6179
6181
6182
6185
6186
6188
6191
6193
6194
6196
6199
6200
6203
6205
6206
6208
6211
6213
6214
6217
6218
6220
6223
6225
6226
6228
6231
6232
6235
6237
6238
6241
6242
6244
6247
6248
6251
6253
6254
6256
6259
6261
6262
6265
6266
6268
6272
6275
6277
6278
6281
6282
6284
6287
6289
6290
6292
6295
6296
6299
6301
6302
6305
6306
6308
6311
6312
6315
6317
6318
6320
6323
6325
6326
6329
6330
6332
6337
6338
6340
6343
6344
6347
6349
6350
6352
6355
6357
6358
6361
6362
6364
6368
6371
6373
6374
6377
6378
6380
6385
6386
6388
6392
6400
6403
6405
6406
6409
6410
6412
6415
6417
6418
6420
6423
6424
6427
6429
6430
6433
6434
6436
6439
6440
6443
6445
6446
6448
6451
6453
6454
6457
6458
6460
6465
6466
6468
6471
6472
6475
6477
6478
6480
6483
6485
6486
6489
6490
6492
6496
6499
6501
6502
6505
6506
6508
6513
6514
6516
6520
6529
6530
6532
6535
6536
6539
6541
6542
6544
6547
6549
6550
6553
6554
6556
6560
6563
6565
6566
6569
6570
6572
6577
6578
6580
6584
6592
6595
6597
6598
6601
6602
6604
6609
6610
6612
6616
6625
6626
6628
6632
6640
6655
6656
6659
6661
6662
6665
6666
6668
6671
6673
6674
6676
6679
6680
6683
6685
6686
6689
6690
6692
6695
6696
6699
6701
6702
6704
6707
6709
6710
6713
6714
6716
6721
6722
6724
6727
6728
6731
6733
6734
6736
6739
6741
6742
6745
6746
6748
6752
6755
6757
6758
6761
6762
6764
6769
6770
6772
6776
6785
6786
6788
6791
6792
6795
6797
6798
6800
6803
6805
6806
6809
6810
6812
6816
6819
6821
6822
6825
6826
6828
6833
6834
6836
6840
6848
6851
6853
6854
6857
6858
6860
6865
6866
6868
6872
6881
6882
6884
6888
6896
6911
6913
6914
6916
6919
6920
6923
6925
6926
6928
6931
6933
6934
6937
6938
6940
6944
6947
6949
6950
6953
6954
6956
6961
6962
6964
6968
6976
6979
6981
6982
6985
6986
6988
6993
6994
6996
7000
7009
7010
7012
7016
7024
7039
7040
7043
7045
7046
7049
7050
7052
7057
7058
7060
7064
7073
7074
7076
7080
7088
7103
7105
7106
7108
7112
7120
7135
7136
7151
7159
7163
7165
7166
7168
7171
7173
7174
7177
7178
7180
7183
7185
7186
7188
7191
7192
7195
7197
7198
7201
7202
7204
7207
7208
7211
7213
7214
7216
7219
7221
7222
7225
7226
7228
7233
7234
7236
7239
7240
7243
7245
7246
7248
7251
7253
7254
7257
7258
7260
7264
7267
7269
7270
7273
7274
7276
7281
7282
7284
7288
7297
7298
7300
7303
7304
7307
7309
7310
7312
7315
7317
7318
7321
7322
7324
7328
7331
7333
7334
7337
7338
7340
7345
7346
7348
7352
7360
7363
7365
7366
7369
7370
7372
7377
7378
7380
7384
7393
7394
7396
7400
7408
7423
7425
7426
7428
7431
7432
7435
7437
7438
7440
7443
7445
7446
7449
7450
7452
7456
7459
7461
7462
7465
7466
7468
7473
7474
7476
7480
7488
7491
7493
7494
7497
7498
7500
7505
7506
7508
7512
7521
7522
7524
7528
7536
7551
7552
7555
7557
7558
7561
7562
7564
7569
7570
7572
7576
7585
7586
7588
7592
7600
7615
7617
7618
7620
7624
7632
7647
7648
7663
7671
7675
7677
7678
7681
7682
7684
7687
7688
7691
7693
7694
7696
7699
7701
7702
7705
7706
7708
7712
7715
7717
7718
7721
7722
7724
7729
7730
7732
7736
7744
7747
7749
7750
7753
7754
7756
7761
7762
7764
7768
7777
7778
7780
7784
7792
7807
7808
7811
7813
7814
7817
7818
7820
7825
7826
7828
7832
7841
7842
7844
7848
7856
7871
7873
7874
7876
7880
7888
7903
7904
7919
7927
7931
7933
7934
7936
7939
7941
7942
7945
7946
7948
7953
7954
7956
7960
7969
7970
7972
7976
7984
7999
8001
8002
8004
8008
8016
8031
8032
8047
8055
8059
8061
8062
8065
8066
8068
8072
8080
8095
8096
8111
8119
8123
8125
8126
8128
8143
8151
8155
8157
8158
8167
8171
8173
8174
8179
8181
8182
8185
8186
8188
8191
8193
8194
8195
8196
8197
8198
8200
8201
8202
8204
8207
8208
8209
8210
8212
8215
8216
8219
8221
8222
8224
8225
8226
8228
8231
8232
8235
8237
8238
8240
8243
8245
8246
8249
8250
8252
8255
8256
8257
8258
8260
8263
8264
8267
8269
8270
8272
8275
8277
8278
8281
8282
8284
8287
8288
8291
8293
8294
8297
8298
8300
8303
8305
8306
8308
8311
8312
8315
8317
8318
8320
8321
8322
8324
8327
8328
8331
8333
8334
8336
8339
8341
8342
8345
8346
8348
8351
8352
8355
8357
8358
8361
8362
8364
8367
8369
8370
8372
8375
8376
8379
8381
8382
8384
8387
8389
8390
8393
8394
8396
8399
8401
8402
8404
8407
8408
8411
8413
8414
8417
8418
8420
8423
8424
8427
8429
8430
8432
8435
8437
8438
8441
8442
8444
8448
8449
8450
8452
8455
8456
8459
8461
8462
8464
8467
8469
8470
8473
8474
8476
8479
8480
8483
8485
8486
8489
8490
8492
8495
8497
8498
8500
8503
8504
8507
8509
8510
8512
8515
8517
8518
8521
8522
8524
8527
8529
8530
8532
8535
8536
8539
8541
8542
8545
8546
8548
8551
8552
8555
8557
8558
8560
8563
8565
8566
8569
8570
8572
8576
8579
8581
8582
8585
8586
8588
8591
8593
8594
8596
8599
8600
8603
8605
8606
8609
8610
8612
8615
8616
8619
8621
8622
8624
8627
8629
8630
8633
8634
8636
8641
8642
8644
8647
8648
8651
8653
8654
8656
8659
8661
8662
8665
8666
8668
8672
8675
8677
8678
8681
8682
8684
8689
8690
8692
8696
8704
8705
8706
8708
8711
8712
8715
8717
8718
8720
8723
8725
8726
8729
8730
8732
8735
8736
8739
8741
8742
8745
8746
8748
8751
8753
8754
8756
8759
8760
8763
8765
8766
8768
8771
8773
8774
8777
8778
8780
8783
8785
8786
8788
8791
8792
8795
8797
8798
8801
8802
8804
8807
8808
8811
8813
8814
8816
8819
8821
8822
8825
8826
8828
8832
8835
8837
8838
8841
8842
8844
8847
8849
8850
8852
8855
8856
8859
8861
8862
8865
8866
8868
8871
8872
8875
8877
8878
8880
8883
8885
8886
8889
8890
8892
8897
8898
8900
8903
8904
8907
8909
8910
8912
8915
8917
8918
8921
8922
8924
8928
8931
8933
8934
8937
8938
8940
8945
8946
8948
8952
8960
8963
8965
8966
8969
8970
8972
8975
8977
8978
8980
8983
8984
8987
8989
8990
8993
8994
8996
8999
9000
9003
9005
9006
9008
9011
9013
9014
9017
9018
9020
9025
9026
9028
9031
9032
9035
9037
9038
9040
9043
9045
9046
9049
9050
9052
9056
9059
9061
9062
9065
9066
9068
9073
9074
9076
9080
9089
9090
9092
9095
9096
9099
9101
9102
9104
9107
9109
9110
9113
9114
9116
9120
9123
9125
9126
9129
9130
9132
9137
9138
9140
9144
9152
9155
9157
9158
9161
9162
9164
9169
9170
9172
9176
9185
9186
9188
9192
9200
9215
9216
9217
9218
9220
9223
9224
9227
9229
9230
9232
9235
9237
9238
9241
9242
9244
9247
9248
9251
9253
9254
9257
9258
9260
9263
9265
9266
9268
9271
9272
9275
9277
9278
9280
9283
9285
9286
9289
9290
9292
9295
9297
9298
9300
9303
9304
9307
9309
9310
9313
9314
9316
9319
9320
9323
9325
9326
9328
9331
9333
9334
9337
9338
9340
9344
9347
9349
9350
9353
9354
9356
9359
9361
9362
9364
9367
9368
9371
9373
9374
9377
9378
9380
9383
9384
9387
9389
9390
9392
9395
9397
9398
9401
9402
9404
9409
9410
9412
9415
9416
9419
9421
9422
9424
9427
9429
9430
9433
9434
9436
9440
9443
9445
9446
9449
9450
9452
9457
9458
9460
9464
9472
9475
9477
9478
9481
9482
9484
9487
9489
9490
9492
9495
9496
9499
9501
9502
9505
9506
9508
9511
9512
9515
9517
9518
9520
9523
9525
9526
9529
9530
9532
9537
9538
9540
9543
9544
9547
9549
9550
9552
9555
9557
9558
9561
9562
9564
9568
9571
9573
9574
9577
9578
9580
9585
9586
9588
9592
9601
9602
9604
9607
9608
9611
9613
9614
9616
9619
9621
9622
9625
9626
9628
9632
9635
9637
9638
9641
9642
9644
9649
9650
9652
9656
9664
9667
9669
9670
9673
9674
9676
9681
9682
9684
9688
9697
9698
9700
9704
9712
9727
9728
9731
9733
9734
9737
9738
9740
9743
9745
9746
9748
9751
9752
9755
9757
9758
9761
9762
9764
9767
9768
9771
9773
9774
9776
9779
9781
9782
9785
9786
9788
9793
9794
9796
9799
9800
9803
9805
9806
9808
9811
9813
9814
9817
9818
9820
9824
9827
9829
9830
9833
9834
9836
9841
9842
9844
9848
9857
9858
9860
9863
9864
9867
9869
9870
9872
9875
9877
9878
9881
9882
9884
9888
9891
9893
9894
9897
9898
9900
9905
9906
9908
9912
9920
9923
9925
9926
9929
9930
9932
9937
9938
9940
9944
9953
9954
9956
9960
9968
9983
9985
9986
9988
9991
9992
9995
9997
9998
10000
