1
1 1 1
1 2 3 2 1
1 3 6 7 6 3 1
1 4 10 16 19 16 10 4 1
1 5 15 30 45 51 45 30 15 5 1
1 6 21 50 90 126 141 126 90 50 21 6 1
1 7 28 77 161 266 357 393 357 266 161 77 28 7 1
1 8 36 112 266 504 784 1016 1107 1016 784 504 266 112 36 8 1
1 9 45 156 414 882 1554 2304 2907 3139 2907 2304 1554 882 414 156 45 9 1
1 10 55 210 615 1452 2850 4740 6765 8350 8953 8350 6765 4740 2850 1452 615 210 55 10 1
1 11 66 275 880 2277 4917 9042 14355 19855 24068 25653 24068 19855 14355 9042 4917 2277 880 275 66 11 1
1 12 78 352 1221 3432 8074 16236 28314 43252 58278 69576 73789 69576 58278 43252 28314 16236 8074 3432 1221 352 78 12 1
1 13 91 442 1651 5005 12727 27742 52624 87802 129844 171106 201643 212941 201643 171106 129844 87802 52624 27742 12727 5005 1651 442 91 13 1
1 14 105 546 2184 7098 19383 45474 93093 168168 270270 388752 502593 585690 616227 585690 502593 388752 270270 168168 93093 45474 19383 7098 2184 546 105 14 1
1 15 120 665 2835 9828 28665 71955 157950 306735 531531 827190 1161615 1477035 1704510 1787607 1704510 1477035 1161615 827190 531531 306735 157950 71955 28665 9828 2835 665 120 15 1
1 16 136 800 3620 13328 41328 110448 258570 536640 996216 1665456 2520336 3465840 4343160 4969152 5196627 4969152 4343160 3465840 2520336 1665456 996216 536640 258570 110448 41328 13328 3620 800 136 16 1
1 17 153 952 4556 17748 58276 165104 410346 905658 1791426 3198312 5182008 7651632 10329336 12778152 14508939 15134931 14508939 12778152 10329336 7651632 5182008 3198312 1791426 905658 410346 165104 58276 17748 4556 952 153 17 1
1 18 171 1122 5661 23256 80580 241128 633726 1481108 3107430 5895396 10171746 16031952 23162976 30759120 37616427 42422022 44152809 42422022 37616427 30759120 23162976 16031952 10171746 5895396 3107430 1481108 633726 241128 80580 23256 5661 1122 171 18 1
1 19 190 1311 6954 30039 109497 344964 955434 2355962 5222264 10483934 19174572 32099094 49366674 69954048 91538523 110797569 124191258 128996853 124191258 110797569 91538523 69954048 49366674 32099094 19174572 10483934 5222264 2355962 955434 344964 109497 30039 6954 1311 190 19 1