1
2
3
4
6
8
11
13
16
18
26
28
36
38
47
48
53
57
62
69
72
77
82
87
97
99
102
106
114
126
131
138
145
148
155
175
177
180
182
189
197
206
209
219
221
236
238
241
243
253
258
260
273
282
309
316
319
324
339
341
356
358
363
370
382
390
400
402
409
412
414
429
431
434
441
451
456
483
485
497
502
522
524
544
546
566
568
585
602
605
607
612
624
627
646
668
673
685
688
690
695
720
722
732
734
739
751
781
783
798
800
820
847
849
861
864
866
891
893
905
927
949
983
986
991
1018
1020
1023
1025
1030
1032
1035
1037
1052
1079
1081
1101
1103
1125
1155
1157
1164
1167
1169
1186
1191
1208
1230
1252
1257
1296
1308
1311
1313
1335
1338
1340
1355
1360
1377
1387
1389
1404
1406
1428
1431
1433
1462
1465
1470
1472
1489
1492
1509
1514
1516
1531
1536
1538
1550
1553
1594
1602
1604
1616
1641
1643
1646
1648
1660
1682
1707
1709
1721
1724
1748
1765
1770
1790
1792
1812
1814
1834
1836
1853
1856
1858
1900
1902
1919
1941
1944
1946
1966
1968
1985
2010
2012
2032
2034
2054
2056
2090
2093
2095
2112
2115
2117
2134
2156
2178
2247
2249
2252
2254
2288
2327
2330
2332
2354
2371
2393
2418
2420
2445
2447
2462
2464
2481
2484
