8
17
32
54
57
100
145
177
320
368
512
593
945
1124
1649
2169
2530
4240
5392
6250
7073
8361
16580
18785
20412
23401
32993
60049
65792
69632
93312
94932
131361
178478
262468
268705
397585
423393
524649
533169
1048976
1058576
1596520
1647086
1941760
2012174
2097593
4194788
4208945
4785713
7861953
8389137
9865625
10609137
14352282
16777792
16797952
33554432
33555057
43050817
45136576
48989176
61466176
67109540
67137425
129145076
134218457
177264449
244389457
268436240
268473872
292475249
364568617
387426321
536871753
774840978
1073742724
1073792449
1162268326
1173741824
1221074418
1996813914
2147484609
2179768320
3486792401
4294968320
4295032832
4486784401
6104053449
8589935681
8804293473
10460362464
13065520825
13877119009
17179870340
17179952705
20000000000
30518337500
31381070257
33739007300
34359739593
68719478032
68719581712
69149458432
78371693632
94143190994
96951758924
