2413
3142
13524
14253
24135
25314
31425
35241
41352
42531
52413
53142
246135
362514
415263
531642
1357246
1473625
1526374
1642753
2417536
2461357
2514736
2531746
2574136
2637415
2753164
3162574
3164275
3572461
3625147
3724615
3741526
4136275
4152637
4275316
4613572
4736251
4752613
5147362
5164273
5263741
5316427
5724613
5726314
6135724
6251473
6314752
6357142
6374152
6427531
6471352
7246135
7362514
7415263
7531642
15863724
16837425
17468253
17582463
24683175
25713864
25741863
26174835
26831475
27368514
27581463
28613574
31758246
35281746
35286471
35714286
35841726
36258174
36271485
36275184
36418572
36428571
36814752
36815724
36824175
37285146
37286415
38471625
41582736
41586372
42586137
42736815
42736851
42751863
42857136
42861357
46152837
46827135
46831752
47185263
47382516
47526138
47531682
48136275
48157263
48531726
51468273
51842736
51863724
52468317
52473861
52617483
52814736
53168247
53172864
53847162
57138642
57142863
57248136
57263148
57263184
57413862
58413627
58417263
61528374
62713584
62714853
63175824
63184275
63185247
63571428
63581427
63724815
63728514
63741825
64158273
64285713
64713528
64718253
68241753
71386425
72418536
72631485
73168524
73825164
74258136
74286135
75316824
82417536
82531746
83162574
84136275